simple:
0, 1, 2, 3, 0, 5, 0, 0, 8, 0, 0, 11, 0, 13, 14, 15, 0, 17, 0, 0, 0, 0, 0, 0, 0, 0, 0, 0, 0, 0

weighted:
0, 1, 2, 3, 0, 5, 0, 0, 0, 9, 0, 11, 0, 13, 14, 15, 0, 0, 18, 0, 0, 0, 22, 0, 0, 0, 0, 0, 0, 0

brown dog:
phrase:
no results

multi:
0, 0, 2, 3, 0, 5, 0, 0, 8, 0, 0, 0, 0, 0, 0, 0, 0, 0, 0, 0, 0, 0, 0, 0, 0, 0, 0, 0, 0, 0

weighted:
0, 1, 2, 3, 0, 5, 0, 0, 0, 9, 0, 0, 12, 0, 0, 0, 0, 0, 0, 0, 0, 0, 0, 0, 0, 0, 0, 0, 0, 0

color:
0, 0, 2, 0, 0, 0, 0, 0, 8, 0, 0, 0, 0, 0, 0, 0, 0, 0, 0, 0, 0, 0, 0, 0, 24, 25, 0, 0, 0, 0
 
